0.0	0.0
1.0	1.0
0.0145749624854	0.9187470081
0.900714854117	0.0334214276263
0.956949336275	0.137209321356
0.283828352958	0.606083184359
0.944225136053	0.852735541109
0.00225923351851	0.52122602722
0.552037633265	0.485377413663
0.768134154064	0.160716753126
0.764560450339	0.0208097979521
0.135210178369	0.116273017402
0.30989758449	0.671452645212
0.47122977825	0.816168298046
0.289586783531	0.733125977613
0.702622355255	0.327569476263
0.334647529106	0.978058079017
0.624582111735	0.9503135247
0.76747565062	0.825009253215
0.406640301807	0.451308411421
0.400631627362	0.995138160339
0.177564175938	0.962596903028
0.419250270259	0.424052446551
0.463148869727	0.373723148824
0.465508100173	0.0351682614708
0.0842726697318	0.732520698142
0.636199993833	0.0279077888615
0.300170059824	0.220852520829
0.0550199933402	0.523246070778
0.416369657295	0.0482187498256
0.57240451553	0.803516650677
0.11360171954	0.277117214425
0.641678091685	0.492737305437
0.506556075668	0.461440260066
0.894743073928	0.605777693136
0.603355603168	0.443871856191
0.480046783327	0.88844752723
0.20850048846	0.944581462156
0.0734700439423	0.595152456636
0.0311510708518	0.665257432531
0.637385495141	0.862465162298
0.94163771234	0.445627053411
0.669957632436	0.924330699632
0.619423466768	0.322585732709
0.319476310934	0.291456685007
0.957417423739	0.40595834296
0.946555822363	0.857190558832
0.688927666032	0.00328796875234
0.900103499657	0.919864870962
0.00590935586848	0.642926148436
0.385216980243	0.595741894287
0.610807055504	0.599619188397
0.312283996843	0.0698736747631
0.800734234216	0.911434050133
0.194674629043	0.210607638853
0.377440782361	0.402847210173
0.885177694433	0.20215434337
0.419014827484	0.647959173339
0.511642952793	0.333832485515
0.778473433859	0.135435134568
0.191710772256	0.402589147896
0.786844465248	0.253808193928
0.109485421332	0.930676014382
0.126387283775	0.605005390364
0.290121936588	0.626529391923
0.659475953841	0.0677261616257
0.355442924801	0.334724077477
0.177506367217	0.00800333978228
0.0104384020947	0.597458804639
0.0846385203521	0.315668236929
0.96861832897	0.873582551237
0.912783994171	0.169898260932
0.316807900689	0.241780235714
0.490954969825	0.543943409569
0.405454387085	0.742410313177
0.643733015765	0.659343350715
0.149223685268	0.746583789806
0.641447595616	0.298231029232
0.375827895319	0.988627865175
0.34459494028	0.343445000651
0.613653454375	0.618392712739
0.0133534221912	0.574432794827
0.77767945208	0.949882077138
0.7029821731	0.116205733448
0.246601478123	0.418938680718
0.632031546714	0.0954702534649
0.390309209423	0.321967587531
0.971325293928	0.969182379611
0.743417968226	0.517689295035
0.164479956119	0.949381570385
0.921825954684	0.882570700339
0.0510386000251	0.774940215435
0.105895152423	0.90539586663
0.587886484712	0.988089757695
0.428661356516	0.629849978951
0.776281334265	0.259817487768
0.638913069262	0.826799975161
0.52130525832	0.424485138878
0.531003037804	0.94597812267
0.999273662144	0.670923588848
0.789576137042	0.981587554694
0.141558412153	0.0262870198868
0.746442761224	0.61658807404
0.0992046992761	0.521902675357
0.507431981479	0.285693025923
0.248438489275	0.180349180197
0.583823066975	0.153918607351
0.711727587705	0.858752405452
0.686441370798	0.265129608812
0.397032706867	0.513016025212
0.344204220805	0.545602326998
0.68611673483	0.299692894993
0.215357823465	0.788308789932
0.775848945947	0.0417259506219
0.645485369544	0.128193102506
0.547652502942	0.291523446656
0.825845116197	0.0973523719446
0.897511911359	0.341989145985
0.132085305042	0.457582948415
0.0844378080637	0.740226593244
0.363737818781	0.333561162216
0.106424663546	0.186145620076
0.519248804765	0.112622279044
0.483925589464	0.931488377004
0.398855194428	0.180391984534
0.805492040286	0.660735461991
0.613435114539	0.123882154925
0.351541546769	0.47309980161
0.378385300625	0.221923666223
0.226880289519	0.142828144953
0.729425121169	0.12301160941
0.319777974072	0.391659620653
0.0379412194519	0.155011286905
0.170649006217	0.770312205562
0.239198541042	0.747170087234
0.347494184644	0.6612133682
0.654553999832	0.232975942892
0.420974770008	0.67654351555
0.605345286256	0.608680506542
0.0394834217757	0.905435954775
0.889056380899	0.178681282713
0.387903528257	0.907634594149
0.452131550173	0.433293136792
0.709612269367	0.160902137851
0.863751825839	0.013862581448
0.074093209433	0.375915743035
0.249363522901	0.51262334488
0.14348025692	0.641655501336
0.539105503799	0.82991417577
0.269124907953	0.171055721633
0.526432764417	0.241855408733
0.456214112268	0.116482011347
0.599806628069	0.836634892672
0.912331911294	0.95062707204
0.581529369287	0.514690305881
0.776716211921	0.672097326082
0.163787540663	0.427558355193
0.154392660664	0.566701597304
0.509103089683	0.45377851609
0.991011271965	0.900146552335
0.151425779229	0.607674751837
0.478204313383	0.828624446459
0.929425450952	0.828765108156
0.026767036919	0.890270818243
0.164298479902	0.333972274606
0.377301159461	0.818280934128
0.19805308692	0.176026046978
0.99243605299	0.0446987443441
0.31084888579	0.411583571183
0.225263253716	0.270602880821
0.107217726709	0.81102066585
0.245980087706	0.633851715724
0.360437890153	0.00486268777462
0.247220897941	0.8299071952
0.411160322295	0.0899145839846
0.974737499849	0.652362264032
0.656155586311	0.92751627084
0.933022618768	0.878256588887
0.401525312295	0.278949661103
0.480924996667	0.756820831363
0.508882580165	0.375273188643
0.59775166407	0.642163185319
0.978529845682	0.621538195232
0.393400431598	0.934838371707
0.7318207463	0.430569631783
0.459517126792	0.998790408875
0.963598184166	0.00651960293515
0.84595517061	0.362481133907
0.397286614955	0.294459645978
0.614796166653	0.176635579437
0.208381850594	0.216288224505
0.561426824328	0.103087327334
0.311325976903	0.806881570433
0.486035065414	0.955734313431
0.714557008532	0.1152453344
0.44786179513	0.526769479856
0.896336863017	0.920253152066
0.0532836478884	0.90970066772
0.68907345962	0.574440804046
0.91832660958	0.405030625482
0.672450600106	0.825485596686
0.816008365547	0.560362553857
0.559689637369	0.858012638712
0.205534617689	0.715740916605
0.815871542622	0.119276523385
0.848672161894	0.125222268092
0.0537143526668	0.470630657983
0.938750645666	0.94753831186
0.586773001073	0.813135592057
0.25125457159	0.64113156559
0.165780357757	0.25332269593
0.931355500781	0.897331603028
0.742906326227	0.473503363402
0.880550301828	0.170698803722
0.507867726025	0.59918064728
0.0372439641615	0.815538265389
0.281590269595	0.925301093082
0.933041241324	0.787817504508
0.826910311623	0.303062951789
0.158550235459	0.366449709561
0.393255492735	0.935833524324
0.8298802986	0.840489987552
0.693395138191	0.797917673036
0.464569391683	0.899912208106
0.970350323632	0.411189834981
0.905589827396	0.712582205846
0.6419970205	0.525811094004
0.944214193514	0.362532549321
0.139890535136	0.0602843049335
0.808109619108	0.537835194184
0.23930262916	0.342183084858
0.657655672627	0.74861178059
0.0853595883259	0.622230851126
0.604109194847	0.795191080932
0.224301251281	0.1615509533
0.750567327284	0.387875727317
0.121538981934	0.437698616734
0.79823046438	0.345825837566
0.19886797643	0.765620003123
0.0656673526497	0.0955858369138
0.0274991547177	0.801688117241
0.353426183651	0.206287990371
0.00255419647907	0.267863283794
0.142371785773	0.874587464048
0.111785752489	0.765228728273
0.516901734483	0.0393299842289
0.199157475233	0.342959737284
0.364717962507	0.297071155278
0.642068890394	0.092049790972
0.0828507727253	0.539119860481
0	242	30
0	132	60
0	239	80
0	101	60
0	67	50
0	172	20
0	47	10
0	7	10
1	185	10
1	99	30
1	159	90
1	87	230
1	153	90
1	100	40
1	93	20
2	240	8
2	49	3
2	21	5
2	62	10
2	197	25
2	139	35
2	163	32
3	205	9
3	4	8
3	167	10
3	186	14
3	144	23
3	116	10
4	227	4
4	224	3
4	167	10
4	205	9
4	71	18
5	171	21
5	64	46
5	50	9
5	110	11
5	146	10
6	217	15
6	162	35
6	90	26
6	177	35
6	46	100
6	70	31
7	242	3
7	49	8
7	68	13
7	81	18
7	28	18
7	206	13
8	158	18
8	33	19
8	73	11
8	154	24
8	35	15
8	97	14
9	213	8
9	205	11
9	204	15
9	59	36
9	130	18
9	143	17
9	95	10
9	61	10
9	56	8
10	194	9
10	113	42
10	144	10
10	47	12
10	65	8
11	239	13
11	121	13
11	166	11
11	129	10
11	228	17
12	209	15
12	14	15
12	135	25
12	64	20
13	179	16
13	74	10
13	165	10
13	161	70
13	148	14
14	209	10
14	203	11
14	134	19
14	192	13
14	74	8
14	135	10
15	237	10
15	95	9
15	111	30
15	77	14
15	43	11
15	35	6
15	184	9
15	235	12
16	220	13
16	141	11
16	216	13
16	37	7
16	21	6
16	78	23
17	202	8
17	98	10
17	93	18
17	100	5
17	42	19
17	176	25
17	40	11
18	222	12
18	107	15
18	53	10
18	221	15
18	155	6
19	195	11
19	142	20
19	22	33
19	55	17
19	127	16
19	109	16
20	220	16
20	78	38
20	21	4
20	185	16
21	89	53
21	62	13
21	78	5
21	37	27
22	142	29
22	23	14
22	55	21
23	188	9
23	86	11
23	55	11
23	142	16
23	97	12
23	180	21
23	58	15
23	104	10
24	245	19
24	47	4
24	172	9
24	29	19
24	174	12
24	151	12
24	122	10
25	244	23
25	76	15
25	147	9
25	232	9
25	39	11
25	91	18
25	119	100
26	245	8
26	191	9
26	85	14
26	65	21
26	47	17
27	241	18
27	149	17
27	105	15
27	190	10
27	169	11
27	72	37
28	249	31
28	103	22
28	206	18
28	81	15
29	174	23
29	172	14
29	52	9
30	233	30
30	181	6
30	179	9
30	148	23
30	208	57
31	242	8
31	69	20
31	164	13
31	210	17
31	121	10
32	226	30
32	88	9
32	212	9
32	184	9
32	35	16
32	154	15
33	195	11
33	73	11
33	158	100
33	142	16
34	229	9
34	201	11
34	125	9
34	225	9
34	175	10
34	182	11
34	41	5
35	184	7
35	43	8
35	180	8
35	97	11
35	154	13
36	223	51
36	123	23
36	98	13
36	202	11
36	148	12
36	161	16
37	243	10
37	89	22
37	216	13
37	173	8
38	249	17
38	81	15
38	68	15
38	49	12
38	232	33
38	63	18
39	240	7
39	91	8
39	232	14
39	49	29
40	202	12
40	176	14
40	42	14
40	107	13
40	200	19
40	96	28
40	152	21
41	229	6
41	182	5
41	224	22
41	45	23
41	199	21
42	176	70
42	100	7
42	82	9
42	107	12
43	180	8
43	77	30
43	115	12
43	58	9
44	247	21
44	72	20
44	169	10
44	230	10
44	79	17
44	66	17
45	227	22
45	199	25
45	224	71
46	177	39
46	70	36
47	245	5
47	65	14
47	144	5
47	186	3
47	172	3
48	211	25
48	90	23
48	196	100
48	153	30
48	207	21
49	240	6
49	232	12
49	68	21
50	195	10
50	109	11
50	110	15
50	64	10
50	135	13
50	57	16
50	94	18
51	226	12
51	154	11
51	214	9
51	138	94
51	80	52
51	198	12
52	241	7
52	124	7
52	174	9
52	172	12
52	67	6
52	129	8
52	149	9
53	221	13
53	107	9
53	82	22
53	100	14
53	196	10
54	210	19
54	190	67
54	166	28
54	121	10
55	168	14
55	127	13
55	86	12
55	120	14
55	79	14
55	131	17
56	227	5
56	71	23
56	140	42
56	213	31
56	61	9
56	218	8
56	117	7
57	137	34
57	94	48
57	135	13
58	180	24
58	115	17
58	104	20
59	204	24
59	116	16
59	113	10
59	130	19
60	246	16
60	219	20
60	156	26
60	84	17
60	230	13
61	218	15
61	95	82
62	243	15
62	92	39
62	197	16
62	89	17
63	249	12
63	232	22
63	147	24
63	160	39
63	157	21
64	209	24
64	135	14
64	171	22
65	248	33
65	83	15
65	194	13
65	85	25
66	247	25
66	79	71
66	120	100
67	228	15
67	129	6
67	172	5
67	101	24
68	81	43
69	242	10
69	145	16
69	219	11
69	164	12
70	217	10
70	177	27
70	211	22
70	159	28
70	99	4
71	227	5
71	205	12
71	213	31
71	140	39
72	247	13
72	128	15
72	241	19
72	169	10
73	214	17
73	154	10
73	195	21
73	94	9
74	192	8
74	165	12
74	179	13
74	137	14
74	135	10
75	231	11
75	155	7
75	102	8
75	198	10
75	80	19
75	181	20
76	244	23
76	133	31
76	238	18
76	203	15
76	147	9
77	136	15
77	115	10
77	111	22
77	108	17
78	220	17
79	230	9
79	131	18
79	120	46
80	198	11
80	138	78
80	181	34
81	249	12
82	107	8
82	100	29
83	248	15
83	114	17
83	143	22
83	194	86
84	230	12
84	156	12
84	146	10
84	168	15
84	131	12
85	248	94
85	191	14
85	126	29
85	114	28
86	247	28
86	120	34
86	188	35
87	207	25
87	153	16
87	159	13
88	229	14
88	212	22
88	226	9
88	198	12
88	102	10
88	201	11
89	243	12
90	221	9
90	196	21
90	211	56
90	177	83
90	162	18
91	244	16
91	119	20
91	240	28
91	215	23
91	170	14
92	243	20
92	170	10
92	197	18
93	185	7
93	100	4
93	98	14
94	214	11
94	195	9
94	137	21
95	237	11
95	218	15
95	143	8
95	108	11
95	111	10
96	233	21
96	152	24
96	200	29
96	222	16
96	231	12
97	180	19
97	142	14
97	158	31
98	202	10
98	123	20
98	193	21
98	185	11
99	225	9
99	217	7
99	159	4
99	167	1
99	224	3
99	182	18
99	175	32
100	196	8
100	153	7
101	239	9
101	228	29
102	201	11
102	198	14
102	155	15
102	125	13
103	249	42
103	157	14
103	118	13
103	206	14
104	188	9
104	115	24
104	150	20
104	178	9
105	234	32
105	166	19
105	190	18
105	149	44
105	129	23
106	191	18
106	122	13
106	150	9
106	189	26
106	126	23
107	222	15
107	200	19
108	143	9
108	136	22
108	111	28
109	195	18
109	127	16
109	110	16
110	146	9
110	127	13
112	243	8
112	173	19
112	134	21
112	238	35
112	133	20
113	194	10
113	130	10
113	116	13
113	144	10
114	248	27
114	126	30
114	189	17
114	143	13
115	150	18
115	136	8
116	205	27
116	144	10
116	204	41
117	227	19
117	218	12
117	187	18
117	199	15
118	236	44
118	206	12
118	157	8
118	146	7
118	156	22
119	244	26
120	247	27
121	242	7
121	210	11
121	166	10
121	239	10
121	132	13
122	245	13
122	151	15
122	150	7
122	191	23
123	223	27
123	183	11
123	220	11
123	193	41
124	241	19
124	128	21
124	178	10
124	150	7
124	151	11
124	174	10
125	225	8
125	201	9
125	155	32
126	191	17
126	189	18
127	168	13
127	146	9
128	247	13
128	178	16
128	241	33
129	234	52
129	149	19
129	228	8
129	166	22
130	194	59
130	143	23
131	230	10
131	168	45
132	242	8
132	239	15
133	244	16
133	170	13
133	243	9
133	238	34
134	238	22
134	173	12
134	192	10
134	203	21
135	137	13
136	189	14
136	150	7
136	143	11
137	214	8
137	179	9
138	214	10
138	181	29
139	197	69
139	163	50
140	213	85
141	223	12
141	165	11
141	192	7
141	216	9
141	220	34
141	183	36
142	195	10
142	158	16
143	194	21
143	189	10
144	186	9
145	242	7
145	206	10
145	236	12
145	219	11
146	171	8
146	168	8
146	156	8
146	157	9
147	232	16
147	203	10
147	171	9
147	160	28
148	208	19
148	179	10
148	161	16
148	202	28
149	241	10
150	189	9
150	151	6
150	178	7
151	174	19
152	233	24
152	208	37
152	202	21
153	207	37
153	196	29
154	226	16
154	214	8
155	231	7
155	222	6
155	221	5
155	225	7
156	236	23
156	219	16
157	249	13
157	160	24
157	171	8
159	211	16
159	207	14
160	171	10
161	223	13
161	165	9
162	221	9
162	217	24
163	240	11
163	197	30
163	215	13
164	246	27
164	169	11
164	210	12
164	219	30
165	223	8
165	192	14
166	234	33
166	190	24
167	224	2
167	186	20
169	246	13
169	230	13
169	190	17
169	210	16
170	244	21
170	215	14
170	197	8
170	243	13
171	209	100
171	203	10
173	243	8
173	216	9
173	192	14
175	225	10
175	182	32
177	211	52
178	247	24
178	188	62
179	214	6
179	181	6
181	233	6
181	231	8
181	214	10
182	224	4
183	223	12
183	220	100
184	235	21
184	212	22
185	220	10
185	193	19
187	237	19
187	235	10
187	212	6
187	229	5
187	199	11
187	218	16
188	247	30
190	210	17
191	245	12
192	216	8
193	220	10
196	221	9
197	215	10
198	226	14
199	229	5
199	227	20
200	222	28
201	229	41
202	208	19
203	238	19
203	209	11
204	205	29
205	213	18
206	242	4
206	236	13
207	211	19
208	233	40
212	235	11
212	229	10
215	240	59
217	225	12
217	221	8
218	237	19
219	246	21
219	236	12
221	225	6
222	231	16
224	227	18
228	239	12
230	246	24
231	233	14
235	237	15
242	0	30
132	0	60
239	0	80
101	0	60
67	0	50
172	0	20
47	0	10
7	0	10
185	1	10
99	1	30
159	1	90
87	1	230
153	1	90
100	1	40
93	1	20
240	2	8
49	2	3
21	2	5
62	2	10
197	2	25
139	2	35
163	2	32
205	3	9
4	3	8
167	3	10
186	3	14
144	3	23
116	3	10
227	4	4
224	4	3
167	4	10
205	4	9
71	4	18
171	5	21
64	5	46
50	5	9
110	5	11
146	5	10
217	6	15
162	6	35
90	6	26
177	6	35
46	6	100
70	6	31
242	7	3
49	7	8
68	7	13
81	7	18
28	7	18
206	7	13
158	8	18
33	8	19
73	8	11
154	8	24
35	8	15
97	8	14
213	9	8
205	9	11
204	9	15
59	9	36
130	9	18
143	9	17
95	9	10
61	9	10
56	9	8
194	10	9
113	10	42
144	10	10
47	10	12
65	10	8
239	11	13
121	11	13
166	11	11
129	11	10
228	11	17
209	12	15
14	12	15
135	12	25
64	12	20
179	13	16
74	13	10
165	13	10
161	13	70
148	13	14
209	14	10
203	14	11
134	14	19
192	14	13
74	14	8
135	14	10
237	15	10
95	15	9
111	15	30
77	15	14
43	15	11
35	15	6
184	15	9
235	15	12
220	16	13
141	16	11
216	16	13
37	16	7
21	16	6
78	16	23
202	17	8
98	17	10
93	17	18
100	17	5
42	17	19
176	17	25
40	17	11
222	18	12
107	18	15
53	18	10
221	18	15
155	18	6
195	19	11
142	19	20
22	19	33
55	19	17
127	19	16
109	19	16
220	20	16
78	20	38
21	20	4
185	20	16
89	21	53
62	21	13
78	21	5
37	21	27
142	22	29
23	22	14
55	22	21
188	23	9
86	23	11
55	23	11
142	23	16
97	23	12
180	23	21
58	23	15
104	23	10
245	24	19
47	24	4
172	24	9
29	24	19
174	24	12
151	24	12
122	24	10
244	25	23
76	25	15
147	25	9
232	25	9
39	25	11
91	25	18
119	25	100
245	26	8
191	26	9
85	26	14
65	26	21
47	26	17
241	27	18
149	27	17
105	27	15
190	27	10
169	27	11
72	27	37
249	28	31
103	28	22
206	28	18
81	28	15
174	29	23
172	29	14
52	29	9
233	30	30
181	30	6
179	30	9
148	30	23
208	30	57
242	31	8
69	31	20
164	31	13
210	31	17
121	31	10
226	32	30
88	32	9
212	32	9
184	32	9
35	32	16
154	32	15
195	33	11
73	33	11
158	33	100
142	33	16
229	34	9
201	34	11
125	34	9
225	34	9
175	34	10
182	34	11
41	34	5
184	35	7
43	35	8
180	35	8
97	35	11
154	35	13
223	36	51
123	36	23
98	36	13
202	36	11
148	36	12
161	36	16
243	37	10
89	37	22
216	37	13
173	37	8
249	38	17
81	38	15
68	38	15
49	38	12
232	38	33
63	38	18
240	39	7
91	39	8
232	39	14
49	39	29
202	40	12
176	40	14
42	40	14
107	40	13
200	40	19
96	40	28
152	40	21
229	41	6
182	41	5
224	41	22
45	41	23
199	41	21
176	42	70
100	42	7
82	42	9
107	42	12
180	43	8
77	43	30
115	43	12
58	43	9
247	44	21
72	44	20
169	44	10
230	44	10
79	44	17
66	44	17
227	45	22
199	45	25
224	45	71
177	46	39
70	46	36
245	47	5
65	47	14
144	47	5
186	47	3
172	47	3
211	48	25
90	48	23
196	48	100
153	48	30
207	48	21
240	49	6
232	49	12
68	49	21
195	50	10
109	50	11
110	50	15
64	50	10
135	50	13
57	50	16
94	50	18
226	51	12
154	51	11
214	51	9
138	51	94
80	51	52
198	51	12
241	52	7
124	52	7
174	52	9
172	52	12
67	52	6
129	52	8
149	52	9
221	53	13
107	53	9
82	53	22
100	53	14
196	53	10
210	54	19
190	54	67
166	54	28
121	54	10
168	55	14
127	55	13
86	55	12
120	55	14
79	55	14
131	55	17
227	56	5
71	56	23
140	56	42
213	56	31
61	56	9
218	56	8
117	56	7
137	57	34
94	57	48
135	57	13
180	58	24
115	58	17
104	58	20
204	59	24
116	59	16
113	59	10
130	59	19
246	60	16
219	60	20
156	60	26
84	60	17
230	60	13
218	61	15
95	61	82
243	62	15
92	62	39
197	62	16
89	62	17
249	63	12
232	63	22
147	63	24
160	63	39
157	63	21
209	64	24
135	64	14
171	64	22
248	65	33
83	65	15
194	65	13
85	65	25
247	66	25
79	66	71
120	66	100
228	67	15
129	67	6
172	67	5
101	67	24
81	68	43
242	69	10
145	69	16
219	69	11
164	69	12
217	70	10
177	70	27
211	70	22
159	70	28
99	70	4
227	71	5
205	71	12
213	71	31
140	71	39
247	72	13
128	72	15
241	72	19
169	72	10
214	73	17
154	73	10
195	73	21
94	73	9
192	74	8
165	74	12
179	74	13
137	74	14
135	74	10
231	75	11
155	75	7
102	75	8
198	75	10
80	75	19
181	75	20
244	76	23
133	76	31
238	76	18
203	76	15
147	76	9
136	77	15
115	77	10
111	77	22
108	77	17
220	78	17
230	79	9
131	79	18
120	79	46
198	80	11
138	80	78
181	80	34
249	81	12
107	82	8
100	82	29
248	83	15
114	83	17
143	83	22
194	83	86
230	84	12
156	84	12
146	84	10
168	84	15
131	84	12
248	85	94
191	85	14
126	85	29
114	85	28
247	86	28
120	86	34
188	86	35
207	87	25
153	87	16
159	87	13
229	88	14
212	88	22
226	88	9
198	88	12
102	88	10
201	88	11
243	89	12
221	90	9
196	90	21
211	90	56
177	90	83
162	90	18
244	91	16
119	91	20
240	91	28
215	91	23
170	91	14
243	92	20
170	92	10
197	92	18
185	93	7
100	93	4
98	93	14
214	94	11
195	94	9
137	94	21
237	95	11
218	95	15
143	95	8
108	95	11
111	95	10
233	96	21
152	96	24
200	96	29
222	96	16
231	96	12
180	97	19
142	97	14
158	97	31
202	98	10
123	98	20
193	98	21
185	98	11
225	99	9
217	99	7
159	99	4
167	99	1
224	99	3
182	99	18
175	99	32
196	100	8
153	100	7
239	101	9
228	101	29
201	102	11
198	102	14
155	102	15
125	102	13
249	103	42
157	103	14
118	103	13
206	103	14
188	104	9
115	104	24
150	104	20
178	104	9
234	105	32
166	105	19
190	105	18
149	105	44
129	105	23
191	106	18
122	106	13
150	106	9
189	106	26
126	106	23
222	107	15
200	107	19
143	108	9
136	108	22
111	108	28
195	109	18
127	109	16
110	109	16
146	110	9
127	110	13
243	112	8
173	112	19
134	112	21
238	112	35
133	112	20
194	113	10
130	113	10
116	113	13
144	113	10
248	114	27
126	114	30
189	114	17
143	114	13
150	115	18
136	115	8
205	116	27
144	116	10
204	116	41
227	117	19
218	117	12
187	117	18
199	117	15
236	118	44
206	118	12
157	118	8
146	118	7
156	118	22
244	119	26
247	120	27
242	121	7
210	121	11
166	121	10
239	121	10
132	121	13
245	122	13
151	122	15
150	122	7
191	122	23
223	123	27
183	123	11
220	123	11
193	123	41
241	124	19
128	124	21
178	124	10
150	124	7
151	124	11
174	124	10
225	125	8
201	125	9
155	125	32
191	126	17
189	126	18
168	127	13
146	127	9
247	128	13
178	128	16
241	128	33
234	129	52
149	129	19
228	129	8
166	129	22
194	130	59
143	130	23
230	131	10
168	131	45
242	132	8
239	132	15
244	133	16
170	133	13
243	133	9
238	133	34
238	134	22
173	134	12
192	134	10
203	134	21
137	135	13
189	136	14
150	136	7
143	136	11
214	137	8
179	137	9
214	138	10
181	138	29
197	139	69
163	139	50
213	140	85
223	141	12
165	141	11
192	141	7
216	141	9
220	141	34
183	141	36
195	142	10
158	142	16
194	143	21
189	143	10
186	144	9
242	145	7
206	145	10
236	145	12
219	145	11
171	146	8
168	146	8
156	146	8
157	146	9
232	147	16
203	147	10
171	147	9
160	147	28
208	148	19
179	148	10
161	148	16
202	148	28
241	149	10
189	150	9
151	150	6
178	150	7
174	151	19
233	152	24
208	152	37
202	152	21
207	153	37
196	153	29
226	154	16
214	154	8
231	155	7
222	155	6
221	155	5
225	155	7
236	156	23
219	156	16
249	157	13
160	157	24
171	157	8
211	159	16
207	159	14
171	160	10
223	161	13
165	161	9
221	162	9
217	162	24
240	163	11
197	163	30
215	163	13
246	164	27
169	164	11
210	164	12
219	164	30
223	165	8
192	165	14
234	166	33
190	166	24
224	167	2
186	167	20
246	169	13
230	169	13
190	169	17
210	169	16
244	170	21
215	170	14
197	170	8
243	170	13
209	171	100
203	171	10
243	173	8
216	173	9
192	173	14
225	175	10
182	175	32
211	177	52
247	178	24
188	178	62
214	179	6
181	179	6
233	181	6
231	181	8
214	181	10
224	182	4
223	183	12
220	183	100
235	184	21
212	184	22
220	185	10
193	185	19
237	187	19
235	187	10
212	187	6
229	187	5
199	187	11
218	187	16
247	188	30
210	190	17
245	191	12
216	192	8
220	193	10
221	196	9
215	197	10
226	198	14
229	199	5
227	199	20
222	200	28
229	201	41
208	202	19
238	203	19
209	203	11
205	204	29
213	205	18
242	206	4
236	206	13
211	207	19
233	208	40
235	212	11
229	212	10
240	215	59
225	217	12
221	217	8
237	218	19
246	219	21
236	219	12
225	221	6
231	222	16
227	224	18
239	228	12
246	230	24
233	231	14
237	235	15
